reward_state=2
current_hist=[33381  5966   306  4625  3582]
[33381.0, 5966.0, 306.0, 4625.0, 3582.0]
den=1
curr_probs=[0.0933021776377759, 0.01667537796312187, 0.0008552909246924726, 0.012927191263734266, 0.010011934941988355]
norm_factor=357773.0

 
learning rate=0.0001, train freq=1, c_iter=0
