reward_state=2
current_hist=[14540  3022    48  2404  1864]
[14540.0, 3022.0, 48.0, 2404.0, 1864.0]
den=1
curr_probs=[0.10001444500237311, 0.020787046272157602, 0.00033017148281388645, 0.016536088430928814, 0.012821659249272591]
norm_factor=145379.0

 
learning rate=0.0001, train freq=1, c_iter=0
reward_state=2
current_hist=[7536 1296   18 1004  776]
[7536.0, 1296.0, 18.0, 1004.0, 776.0]
den=1
curr_probs=[0.10348663160352096, 0.017797064033726533, 0.00024718144491286855, 0.01378723170514, 0.010656266736243666]
norm_factor=72821.0

 
learning rate=0.0001, train freq=1, c_iter=0
